0   0
1   0
-1 
3   0
4   22   28620   32940
-1 
-1 
7   0
8   90   28620   28860   28860   32940   32940   32940   35760   35760   36060   36360
9   0
10   0
11   0
-1 
13   132   46920   46920   46920   46980   46980   49320   49320   49320   50160   50160   52260   52260   52440   53520   53520
14   129   50160   50160   50160   52260   52260   52260   52260   52440   53520   55260   55260   55260   55260   56580
15   245   28320   28320   28320   28320   28560   28560   32640   32640   32640   32640   32640   35220   35220   35220   35220   35220   35220   35220   35220   35460   35460   35760   35760   35760   36060   36060   36060   36060
16   215   41580   41580   41580   41580   41580   42120   42120   42120   42120   42120   44640   44640   44640   44640   44640   44640   46920   46920   46980   46980   46980   46980   46980   47580   47580
17   116   44640   44640   46920   46920   46920   46980   47580   48960   49320   49320   49320   50160
18   92   28320   28560   32640   32640   32640   32640   35760   35760   36060   36060
19   0
20   0
21   81   28320   28320   28560   32640   32640   35220   35460   35760   35760
22   0
23   128   28320   28320   28320   28320   28560   28560   28560   28560   28560   28560   28560   32640   32640   32640
24   121   28560   32640   32640   35760   36060   38040   38040   38400   38580   38580   39120   39720   39720
25   143   41580   42120   44640   44640   44640   44640   44640   44640   46920   46920   46980   47580   47580   48960   49320   49320
26   223   28320   28320   28560   28560   28560   32640   32640   35220   35220   35220   35460   35460   35760   36060   38040   38040   38040   38040   38040   38040   38040   38400   38400   38400   38400   38580
27   101   42120   42120   42120   46980   46980   47580   47580   48960   48960   48960   49320   49320
28   127   48960   48960   49320   49320   50160   50160   52260   52260   52260   53520   53520   53520   55260   55260
29   90   35460   35760   36060   38040   38040   38040   38580   39720   39720   41580
30   114   41580   41580   42120   44640   44640   44640   44640   46920   46980   48960   49320   49320   49320
31   0
32   139   48960   49320   49320   50160   52260   52260   52260   52260   52260   52260   52440   53520   53520   53520   56580
33   0
34   0
35   96   46980   48960   50160   50160   52260   52260   52260   52260   52260   52440
36   0
37   83   28320   28320   32640   35460   36060   38040   38580   39120   39120
38   0
39   0
40   0
41   0
42   0
43   143   42120   42120   42120   44640   44640   44640   44640   46920   48960   48960   48960   48960   48960   49320   49320
44   440   39420   39420   39420   39420   39420   39420   39780   39780   39780   39780   39780   40020   40020   40020   40020   40020   40020   40020   40020   40020   40020   40020   41880   41880   41880   41880   42420   44940   44940   44940   44940   44940   44940   44940   44940   47220   47220   47220   47220   47220   47220   47280   47280   47280   47280   47880   47880   47880   47880   47880   47880
45   118   28320   28560   28560   28560   28560   35220   35220   35220   35220   35760   35760   38040   38040
46   187   39720   39720   39720   39720   39720   42120   42120   42120   44640   44640   44640   44640   46920   46920   46920   46980   46980   46980   47580   47580   47580
47   0
48   132   38340   38340   38880   38880   39420   39780   40020   40020   41880   42420   44940   44940   44940   44940
49   0
50   0
51   0
52   0
53   107   38040   38400   38580   39120   39120   39480   39720   39720   39720   42120   42120
54   53   39720   41580   42120   46980   46980
55   240   28620   28860   28860   28860   32940   32940   32940   35520   35520   35520   35520   35760   35760   35760   35760   36060   36360   36360   38340   38340   38340   38340   38340   38340   38700   38700   38700   38880
56   0
57   260   40020   40020   40020   40020   40020   40020   40020   40020   40020   40020   40020   40020   41880   41880   42420   42420   44940   44940   44940   44940   44940   47220   47280   47280   47280   47880   47880   47880
58   118   28560   28560   28560   32640   35220   35220   35220   35220   35760   35760   35760   35760   35760
59   231   28620   28620   28620   28620   28620   28620   28620   28620   28620   28620   28860   28860   28860   28860   28860   28860   28860   28860   28860   28860   32940   32940   32940   32940   32940
60   254   47220   47280   47880   47880   47880   47880   47880   47880   47880   49260   49260   49620   49620   49620   50460   50460   50460   50460   52560   52560   52560   52740   52740   52740   52740   52740   53820   55560   55560
61   0
62   125   28320   28320   28320   35220   35220   35760   36060   38040   38040   38400   38400   38400   38400   38580
63   0
64   70   28320   28320   32640   32640   35220   35460   35460   35460
65   114   35460   35760   36060   38040   38040   38040   38400   38400   38580   39480   39720   39720
66   0
-1 
68   0
69   0
70   0
71   0
72   167   35520   35520   35520   35760   36060   36060   36360   38340   38340   38700   38880   39420   39780   39780   39780   40020   40020   40020   42420
73   0
74   126   50160   52260   52260   52260   52260   52260   52260   52260   52440   53520   55260   55260   55260   56580
75   0
76   233   38340   38340   38700   38700   38700   38700   38880   38880   39420   39420   39420   39780   40020   40020   40020   40020   40020   40020   40020   40020   41880   41880   41880   42420   42420   44940   44940
77   0
78   0
79   0
80   0
81   0
82   0
83   0
84   0
85   0
86   86   28560   32640   35460   35460   35460   36060   38040   38400   39120   39120
87   0
88   0
89   0
90   0
91   490   41880   41880   41880   41880   41880   41880   41880   41880   42420   42420   42420   42420   44940   44940   44940   44940   44940   44940   44940   44940   44940   47220   47220   47220   47220   47220   47280   47280   47280   47280   47280   47880   47880   47880   47880   47880   47880   47880   49260   49260   49260   49260   49260   49260   49620   49620   49620   49620   49620   49620   50460   50460   50460   50460   50460   50460   50460   50460
92   0
93   138   28320   28320   28320   28320   28560   28560   28560   28560   28560   28560   32640   32640   32640   32640   32640   32640
94   203   40020   40020   40020   40020   40020   40020   40020   41880   41880   41880   41880   42420   42420   44940   44940   44940   44940   44940   44940   44940   47220   47280   47880
95   52   35520   36060   36360   40020   40020   40020
96   0
97   0
98   0
99   0
100   0
101   0
102   0
103   0
104   0
105   0
106   0
107   0
108   0
109   93   35760   35760   38400   38580   38580   38580   39120   39480   41580   42120
110   0
111   104   28320   28320   28560   32640   32640   35220   35460   35760   35760   38040   38040   38400
112   42   28320   28320   35220   35460
113   0
114   0
115   0
116   200   28620   28620   28620   28620   28620   28620   28620   28620   28620   28860   28860   28860   28860   32940   32940   32940   32940   32940   32940   32940   32940   32940
117   244   28320   28320   28560   32640   35460   35460   35460   35460   35460   35460   35760   35760   35760   36060   36060   36060   38040   38040   38040   38040   38040   38040   38040   38040   38400   38400   38400
118   0
119   356   35760   35760   36060   36060   36360   36360   36360   36360   38340   38340   38340   38340   38340   38340   38340   38700   38700   38880   38880   38880   39420   39420   39420   39780   39780   39780   39780   40020   40020   40020   40020   40020   41880   41880   41880   41880   42420   42420   42420   42420
120   0
121   0
122   463   28620   28620   28860   28860   28860   32940   32940   32940   32940   32940   32940   32940   32940   32940   32940   32940   35520   35520   35520   35520   35520   35520   35520   35760   35760   35760   35760   36060   36060   36060   36060   36060   36060   36060   36360   36360   36360   36360   36360   36360   36360   38340   38340   38340   38340   38340   38700   38700   38700   38700   38880   38880   38880   38880   38880
123   0
124   0
125   0
126   186   28320   28320   28320   32640   32640   32640   32640   35460   35760   35760   36060   38040   38040   38040   38040   38040   38400   38400   38580   38580   39120   39120
127   169   28620   28860   28860   28860   28860   28860   28860   28860   28860   28860   28860   28860   28860   32940   32940   32940   32940   32940   32940
128   0
129   259   28620   28860   28860   32940   32940   35520   35520   35520   35760   35760   35760   36060   36060   36060   36060   36360   38340   38340   38340   38340   38700   38700   38700   38700   39420   39420   39420   39780   39780
130   0
131   90   28320   28320   28560   28560   28560   35760   36060   36060   36060   36060
132   312   28620   28620   28620   28620   28620   28860   28860   28860   28860   28860   28860   28860   28860   32940   32940   32940   35520   35520   35520   35520   35520   35520   35760   35760   36060   36060   36060   36060   36060   36060   36060   36360   36360   36360   36360   36360
133   0
134   0
135   99   35460   35760   35760   36060   38040   38040   38400   38400   38580   39720   41580
136   143   28560   32640   32640   32640   32640   35220   35220   35220   35220   35460   35460   36060   38040   38400   38400   38400
137   0
138   0
139   0
140   169   35520   36060   36060   36060   36060   36360   36360   38340   38340   38700   38880   40020   40020   40020   40020   40020   41880   41880   41880   42420
141   136   42120   42120   42120   42120   44640   44640   44640   46980   47580   47580   47580   49320   49320   49320   49320
142   122   28320   28320   28560   28560   32640   35220   35220   35220   36060   38040   38040   38040   38040   38040
143   0
144   0
145   0
146   0
147   0
148   0
149   0
150   0
151   0
152   100   28560   32640   32640   35220   35460   35460   35460   35760   35760   36060   36060
153   116   35220   35460   35760   35760   38040   38040   38040   38040   38580   39480   39480   39720   39720
154   67   28320   28320   28320   28320   28560   32640   32640
155   75   28320   28320   28560   28560   32640   32640   32640   32640
156   56   28320   28560   28560   32640   38040   38580
157   67   44640   46920   46980   47580   49320   49320   50160
158   104   28320   28560   32640   35220   35760   36060   36060   38040   38040   38040   38400
159   49   28320   28320   28320   28560   32640
160   219   35760   36060   36060   38040   38040   38040   38580   38580   38580   38580   39120   39120   39480   39480   39720   39720   39720   41580   41580   42120   42120   42120   44640   44640
161   0
162   87   28320   32640   32640   35220   35460   35760   35760   35760   36060
163   147   41580   42120   44640   44640   44640   44640   44640   46920   46980   46980   46980   46980   47580   47580   48960   49320   49320
164   94   39720   39720   41580   44640   44640   44640   44640   44640   46980   47580
165   123   41580   42120   44640   44640   44640   46920   46920   46920   46920   46980   46980   47580   48960   49320
166   63   28320   28320   28560   32640   32640   32640   32640
167   220   35460   35460   35460   35460   36060   38040   38040   38040   38400   38400   38580   38580   39120   39120   39480   39720   41580   41580   41580   41580   42120   42120   42120   42120   42120
168   76   28320   28320   28320   28320   28560   28560   32640   32640
169   0
170   152   28620   28620   28620   28620   28860   28860   28860   28860   28860   28860   28860   28860   32940   32940   32940   32940   32940   32940
171   78   28560   35220   35760   35760   35760   36060   36060   36060   36060
172   70   28320   28560   28560   28560   28560   32640   32640   32640
-1 
174   63   28320   28320   28560   28560   32640   32640   32640
175   61   28320   28560   32640   32640   32640   35220
176   35   28320   28560   32640
177   45   28560   28560   32640   32640   32640
178   0
179   0
180   56   28560   28560   28560   28560   28560   28560
181   169   41880   41880   41880   42420   42420   42420   42420   42420   44940   47220   47220   47220   47280   47280   47280   47880   47880   49260   49620
182   133   28620   28620   28620   28620   28860   28860   28860   28860   28860   28860   28860   32940   32940   32940   32940
183   60   28560   32640   32640   35220   35220   35220
184   35   32640   35220   35460
185   98   28560   32640   32640   35220   35220   35220   35460   35760   38040   38400   38400
186   145   52260   52260   52260   52260   52260   52260   53520   53520   55260   56580   56580   56580   59340   59580   59580   59580   59580
187   84   28320   28320   32640   32640   35220   35460   35760   36060   36060
188   61   28320   28320   28320   28560   28560   28560   32640
189   70   28560   28560   35220   35220   35460   35460   35460   35760
190   57   28320   28320   32640   32640   35220   35220
191   82   28320   35220   35220   35460   35760   35760   35760   36060   36060
192   97   28560   28560   32640   32640   35460   35460   36060   36060   38040   38040   38400
193   405   32940   32940   32940   32940   32940   32940   35520   35760   35760   36060   36060   36060   36060   36060   36060   36060   36360   36360   36360   36360   38340   38340   38340   38340   38340   38340   38340   38340   38700   38700   38700   38700   38700   38700   38880   38880   39420   39420   39420   39420   39780   40020   40020   40020   40020   40020   40020   40020
194   52   28320   28320   28320   32640   32640   32640
195   73   28320   28320   28560   28560   28560   32640   35220   35220
196   82   28320   28320   28560   28560   32640   35220   35460   35460   36060
197   62   28320   28560   28560   32640   35460   35460   35760
198   87   28320   32640   32640   32640   35220   35220   35460   35460   36060   36060
199   50   28320   28560   28560   28560   32640
200   97   28320   32640   32640   35220   35460   35460   35760   35760   36060   36060   36060
201   39   28320   28560   32640   35220
202   62   28320   28560   32640   35220   35220   35760   35760
203   36   28320   28320   28320   28560
204   47   28320   32640   35460   35460   35760
205   37   32640   35760   38400   39720
206   125   28620   28860   32940   32940   32940   32940   35520   35520   35520   35760   36060   36060   36060   36360
207   66   28320   28320   35220   35460   35460   35760   36060
208   170   28620   28620   28620   28620   28860   32940   35520   35520   35520   35520   35760   35760   35760   35760   36060   36060   36060   36360   36360
209   161   28620   28620   28860   28860   32940   35520   35520   35520   35760   35760   35760   35760   36060   36060   36060   36360   36360
210   246   52560   52560   52560   52560   52560   52560   52560   52560   52560   52740   52740   52740   53820   53820   53820   53820   55560   55560   56880   56880   56880   59640   59640   59880   59880   59880   60420   60420
211   63   28320   28320   28560   35220   35220   35460   36060
212   26   35460   35460   36060
213   0
214   63   38040   39120   39120   39720   39720   44640   44640
215   46   28320   28560   36060   36060   36060
216   0
217   84   32940   35520   35760   35760   35760   36060   36060   36360   36360
218   61   28560   28560   32640   35460   35460   35760   35760
219   163   28620   28620   28620   32940   32940   32940   32940   32940   35520   35520   35520   35760   35760   36060   36060   36360   36360   36360   36360
220   252   36060   36060   36060   36060   36360   38340   38340   38340   38340   38340   38880   39420   39420   39780   40020   40020   40020   40020   41880   41880   41880   41880   42420   42420   44940   44940   44940   44940
221   147   28620   28620   28620   28860   28860   32940   35520   35520   35760   35760   35760   35760   36060   36060   36060   36060   36360
222   44   28320   28560   35220   35460   36060
223   39   28560   32640   35220   35760
224   70   28320   28320   28320   28560   28560   32640   32640   32640
225   36   28320   28560   28560   28560
226   32   28320   28320   32640
227   94   32640   35760   35760   35760   36060   38040   38040   38040   38040   38580   38580
228   142   28620   28620   35520   35520   35520   35760   35760   38340   38340   38340   38340   38340   38340   38700   38700   38700
229   60   28320   28560   35220   35460   35760   36060
230   133   28620   28620   28860   28860   28860   28860   32940   35520   35520   35760   36060   36060   36360   36360
231   0
232   56   28560   28560   35220   35460   35460   36060
233   156   28620   28620   28860   28860   32940   32940   32940   35760   35760   35760   35760   36360   36360   36360   36360   36360   36360
234   177   28860   28860   28860   28860   28860   28860   28860   32940   32940   35520   35520   35760   35760   35760   36060   36060   36360   36360   36360
235   139   28620   28620   28620   28860   28860   32940   32940   32940   35520   35520   35760   36060   36360   36360   36360
236   54   28320   28320   28560   32640   32640   32640
237   51   28320   35220   35220   35460   36060
238   127   28860   28860   28860   32940   32940   35520   35760   35760   35760   35760   36360   38340   38340   38700
239   457   35520   35520   35520   35520   35760   35760   35760   36060   36060   36060   36060   36360   36360   38340   38340   38340   38340   38340   38700   38700   38700   38700   38700   38700   38880   38880   38880   38880   38880   39420   39420   39420   39420   39420   39420   39420   39780   39780   40020   40020   40020   40020   40020   40020   40020   40020   41880   41880   41880   41880   41880   42420   42420   42420   42420
240   0
241   78   35460   35460   35760   36060   38040   38040   38040   38040
242   126   39720   39720   39720   41580   44640   44640   44640   46920   46920   46920   46980   46980   47580   47580
243   142   28620   28860   28860   28860   32940   32940   32940   35760   36060   36360   36360   36360   38340   38340   38700   38700
244   257   35520   35520   35520   35760   36060   36360   38340   38340   38340   38340   38340   38340   38700   38700   38700   38880   38880   39420   39420   39420   39420   39420   39420   39780   39780   39780   40020   40020   41880   41880
245   267   35520   35520   35520   35760   36060   36360   36360   38340   38340   38340   38340   38700   38880   39420   39420   39780   39780   39780   40020   40020   40020   40020   40020   40020   40020   40020   41880   41880   42420
246   35   28560   35220   35460   38040
247   158   28620   28620   28860   28860   28860   32940   32940   32940   32940   35520   35760   36060   36060   36060   36060   36360   36360
248   102   32940   32940   35760   35760   36060   36360   38340   38340   38700   38880   39420
249   87   49320   49320   52260   52260   52260   55260   55260   56580   56580
250   183   28860   28860   28860   28860   32940   35760   35760   35760   35760   36360   38700   38700   38700   38880   38880   38880   38880   39420   39780   40020   40020
251   292   35520   35760   35760   35760   36360   36360   36360   36360   36360   36360   38340   38340   38340   38340   38700   38880   38880   38880   38880   39420   39420   39420   39780   40020   40020   40020   40020   41880   41880   41880   41880   41880   41880   42420   42420
252   136   28620   28860   28860   32940   35520   35760   35760   35760   36060   38340   38700   38700   38880   38880   39420   39780
253   136   35460   35760   36060   38040   38580   38580   38580   39480   39480   39480   39720   39720   39720   41580   42120
254   121   28620   28620   28860   28860   28860   28860   32940   32940   35520   36060   36060   36360   36360
255   244   35520   35520   35520   35760   35760   36360   36360   36360   36360   36360   38340   38340   38340   38340   38340   38340   38700   38700   38880   39420   39420   39780   40020   40020   40020   40020   40020   40020   41880
256   145   35520   35520   36060   36060   36060   38340   38340   38340   38700   38700   38880   40020   40020   40020   40020   40020
257   174   28620   28860   28860   28860   28860   32940   32940   35520   35520   35760   35760   36060   36360   38340   38700   38700   38880   38880   38880
258   148   28620   28860   32940   32940   32940   35520   35520   35760   35760   36060   36360   38340   38340   38700   38880   39420   40020
259   120   28860   35760   35760   35760   36360   38340   38340   38700   38700   38880   38880   38880   39420   39780
260   73   35760   36060   38040   38400   38400   38580   39120   39480
261   0
262   120   28860   32940   35520   36060   36360   38340   38700   38880   38880   39420   39420   39780   40020
263   146   28320   28320   28320   28320   28320   28320   32640   32640   32640   35460   35460   35460   35460   35460   35760   35760   36060
264   143   35520   35520   36360   38340   38340   38340   38340   38700   38700   38700   38880   39780   40020   40020   40020   40020
265   65   32640   38040   38040   38400   38580   39720   39720
266   182   28860   32940   32940   36360   38340   38340   38340   38340   38340   38700   38880   39420   39420   39420   39780   39780   40020   40020   40020   40020
267   172   38700   38700   38880   39780   39780   40020   40020   40020   40020   41880   42420   42420   42420   42420   44940   44940   44940   44940
268   58   38580   38580   39120   39720   39720   41580
269   157   32940   32940   35760   35760   36060   38340   38340   38700   38700   38700   38700   39420   39420   39420   39780   39780   40020   40020
270   77   35220   35220   35460   36060   38400   38580   39480   39720
271   183   32940   32940   35520   35520   35520   35760   35760   35760   35760   35760   36060   36060   36360   38340   38340   38340   38700   39420   40020   40020
-1 
273   37   35220   38400   39480   39720
274   38   28560   32640   32640   35760
275   236   41580   41580   42120   42120   44640   44640   44640   44640   44640   44640   44640   44640   44640   44640   44640   44640   44640   44640   44640   44640   44640   46920   46980   46980   46980   46980   47580
276   83   35520   36360   36360   38340   38880   39420   39780   39780   41880   41880
277   135   35760   35760   38340   38340   38340   38340   38700   38880   38880   39420   39420   39420   39780   40020   40020   41880
278   228   38340   38340   38340   38340   38340   38340   38340   38700   38700   38880   39420   40020   40020   40020   40020   40020   40020   40020   40020   41880   41880   41880   41880   41880   44940   44940
279   164   35520   35760   36360   38340   38340   38340   38340   38700   38700   38700   38700   38880   39420   39780   40020   40020   41880   42420   42420
280   74   39480   39720   39720   42120   42120   46920   46980   47580
281   313   41880   42420   42420   42420   42420   42420   42420   42420   44940   44940   44940   44940   44940   44940   44940   44940   47220   47220   47280   47280   47880   47880   47880   49260   49260   49260   49260   49260   49620   49620   49620   49620   49620   49620   49620   49620
282   219   39420   39420   39420   39780   39780   39780   39780   40020   40020   40020   41880   41880   42420   42420   42420   42420   44940   44940   44940   47220   47220   47220   47280   47280   47880   47880
-1 
284   182   41580   42120   42120   44640   44640   44640   44640   44640   46920   46920   46980   46980   46980   46980   46980   47580   47580   48960   49320   49320   49320
285   205   38340   38340   38340   38700   38880   38880   38880   38880   39420   39420   39420   39780   39780   39780   40020   40020   40020   41880   41880   42420   44940   44940   44940
286   139   42120   44640   44640   46920   46980   46980   46980   47580   47580   47580   47580   48960   48960   49320   50160   50160
287   98   35220   36060   38040   38040   38040   38400   38580   39480   39720   42120   42120
288   122   42120   42120   44640   44640   44640   46920   46980   46980   46980   47580   47580   49320   49320
289   214   48960   49320   50160   50160   50160   50160   52260   52260   52260   52260   52260   52260   52260   52260   52440   52440   52440   53520   53520   53520   56580   56580   56580   56580
290   159   41580   42120   42120   44640   44640   44640   46920   46920   46980   48960   49320   49320   49320   49320   50160   50160   50160
291   56   35460   38400   38580   39480   39720   39720
292   186   40020   40020   40020   40020   41880   41880   42420   42420   42420   42420   44940   44940   44940   44940   44940   44940   47220   47220   47220   47880   47880
293   166   35520   35520   35760   36060   36060   36360   38340   38340   38340   38340   38700   38700   38880   39420   39420   39780   40020   41880
294   174   35520   35760   36060   36060   38340   38340   38340   38340   38700   39420   39780   40020   40020   41880   41880   41880   41880   42420   42420   42420
295   35   38040   38400   38400
296   55   36060   38040   38580   39120   39720   41580
297   135   35760   35760   36060   38340   38340   38340   38700   38880   38880   38880   39420   39420   39420   40020   41880
298   86   38040   38400   38400   38580   39480   39480   39720   39720   39720
299   77   39480   39480   39720   39720   42120   44640   44640   44640
-1 
301   143   52260   52260   52260   52260   52260   53520   53520   55260   55260   56580   56580   56580   56580   59340   60120   60120
302   118   44640   44640   46920   47580   48960   49320   49320   49320   49320   49320   49320   50160   50160
303   121   36060   36360   36360   38340   38340   38340   38880   39420   39780   40020   40020   40020   42420   44940
304   179   38340   38340   38700   38700   38880   39420   39780   39780   39780   40020   40020   40020   40020   41880   42420   42420   44940   44940   44940
305   122   48960   48960   48960   49320   49320   50160   52260   52440   52440   52440   53520   53520   55260
306   114   46980   48960   49320   49320   49320   49320   50160   50160   50160   50160   52260   52260   53520
307   125   44640   44640   44640   46920   46920   46920   46920   47580   47580   48960   48960   49320   49320
308   146   36360   38340   38340   38340   38700   38700   38700   38700   39780   39780   40020   41880   42420   42420   42420   44940
309   70   38400   39480   39720   39720   42120   44640   44640   44640
310   90   38040   38040   38400   38400   38580   38580   39120   39480   39720   44640
311   220   44640   44640   44640   46920   46920   46920   46920   46980   46980   47580   47580   48960   48960   48960   48960   48960   49320   49320   49320   49320   49320   49320   49320   50160   50160
312   85   38400   38580   38580   39120   39120   39720   44640   44640   44640   44640
313   86   38040   38040   38040   38400   39120   39120   39480   39480   44640
314   38   38040   38040   39720   39720
315   108   39720   39720   39720   39720   39720   39720   41580   41580   44640   44640   44640   46980
316   62   38400   38400   41580   41580   41580   42120
317   152   38340   38340   38340   38700   38700   38880   38880   38880   39420   39780   40020   40020   42420   42420   44940   44940   44940
318   62   38400   39480   39480   39720   41580   42120   42120
319   173   38340   38340   38340   38700   38700   38880   39420   40020   40020   41880   41880   42420   42420   42420   44940   44940   44940   44940   44940   44940
320   137   39420   39780   39780   39780   40020   40020   40020   40020   41880   42420   42420   44940   44940   47280   47280   47880
321   259   39420   39780   39780   39780   39780   40020   40020   40020   40020   40020   40020   40020   40020   40020   41880   41880   41880   41880   42420   44940   44940   44940   44940   44940   44940   47220   47280   47280   47880   47880   47880
322   144   38340   38340   38700   38880   38880   39420   39420   39420   39420   39780   40020   40020   41880   44940   44940
323   58   38040   38040   39720   39720   41580   44640
324   121   41580   42120   42120   44640   44640   44640   44640   46920   46920   47580   47580   48960   48960
325   186   38340   38340   38700   38700   38880   38880   38880   39420   39780   39780   40020   41880   41880   42420   42420   42420   42420   44940   44940   44940
326   129   38340   38340   38340   38340   38700   38700   38700   38880   38880   39780   39780   40020   42420   44940
327   82   38040   38040   38040   38580   39120   41580   42120   42120   44640
328   134   38340   38340   38340   38700   38880   38880   39420   39420   39780   39780   40020   40020   42420   44940   44940
329   40   38580   39120   44640   46980
330   79   38040   38400   38580   38580   39120   39720   39720   42120   42120
331   185   38340   38340   38340   38340   38340   38340   38700   38700   38880   38880   39420   39780   39780   40020   40020   41880   41880   42420   44940   44940   44940
332   29   39120   39480   42120
333   64   38400   39720   39720   39720   42120   44640   44640
334   53   38340   39420   39420   40020   40020   42420
335   79   39720   41580   41580   44640   44640   44640   46920   46920   46980
336   123   38340   38340   38700   38700   38880   38880   38880   39420   40020   41880   42420   44940   44940
337   50   38040   39720   39720   44640   44640
338   87   38040   38040   38040   38400   38400   39480   39720   39720   39720   41580
339   126   50160   50160   52260   52260   52260   52260   53520   53520   53520   55260   55260   56580   56580
340   75   39120   39480   41580   42120   44640   44640   46920   46980
341   52   38400   39120   41580   41580   42120   42120
342   72   38580   38580   39480   39720   39720   39720   39720   46920
343   52   39120   39720   39720   41580   44640   46920
344   28   39720   42120   44640
345   82   39480   41580   41580   42120   44640   44640   46920   46920   47580
346   61   41580   42120   44640   46980   47580   48960   48960
347   58   38040   38580   39120   39720   39720   41580
348   41   38040   39480   41580   42120
349   75   38400   38580   39480   39720   41580   42120   44640   46980
350   41   38040   39720   41580   44640
351   23   38400   38580
352   56   39720   39720   41580   44640   44640   44640
353   204   41880   41880   42420   42420   44940   44940   44940   44940   44940   47220   47280   47880   49260   49260   49620   49620   49620   49620   49620   49620   49620   49620   50460
354   91   39120   39480   39720   39720   39720   42120   44640   46920   46920   47580
355   66   41580   42120   44640   44640   46980   46980   47580
356   90   39120   39480   39480   39720   39720   41580   44640   44640   47580   47580
357   40   39720   39720   39720   46980
358   82   46980   46980   47580   48960   48960   48960   49320   49320   49320
359   35   38400   41580   46980
-1 
361   82   41580   44640   46920   46920   46980   46980   48960   49320   49320
362   38   39120   39480   41580   44640
363   52   47580   49320   49320   52260   53520   55260
364   55   38400   38400   38580   39720   39720   46980
365   67   39720   41580   44640   44640   46920   47580   47580
366   77   42120   42120   42120   47580   47580   48960   50160   50160   50160
367   41   38580   39720   44640   46920
-1 
369   34   39480   39480   42120
370   86   49320   49320   49320   49320   49320   50160   50160   50160   52260   53520
371   90   39720   39720   42120   42120   44640   44640   46980   47580   47580   47580
372   77   41580   41580   42120   44640   44640   46920   46920   46920   46920
373   169   39780   40020   40020   40020   40020   41880   41880   44940   44940   44940   44940   44940   44940   47220   47280   47280   47280   47280   47880
374   170   44940   44940   44940   44940   44940   47220   47280   47280   47280   49260   49620   49620   49620   49620   49620   49620   49620   49620   49620   50460
375   298   52560   52560   52560   52560   52560   52560   52560   52560   52560   52560   52560   52560   52740   52740   52740   52740   52740   52740   52740   53820   53820   53820   55560   55560   56880   56880   56880   59640   59640   59640   59640   59880   59880   59880   59880
376   305   44940   44940   44940   44940   44940   44940   47280   47280   47880   47880   47880   47880   47880   47880   47880   49260   49260   49620   49620   50460   50460   50460   52560   52560   52560   52560   52560   52560   52560   52560   52560   52560   52740   52740   52740   52740
377   105   41880   41880   41880   42420   47220   47220   47220   47280   47280   49260   49260   49620
378   72   41580   41580   44640   46980   47580   48960   48960   48960
379   62   41580   42120   44640   46920   46920   46980   47580
380   172   41880   41880   41880   41880   41880   42420   42420   44940   44940   44940   47220   47280   47280   47280   47880   47880   47880   47880   49260   49260
381   162   41880   41880   42420   42420   42420   44940   44940   44940   44940   44940   47280   47280   47280   47880   47880   49260   49260
382   34   46980   49320   49320
383   188   42420   42420   44940   44940   44940   47220   47220   47280   47280   47880   49260   49620   49620   49620   49620   49620   49620   49620   50460   50460   50460
384   228   44940   44940   44940   44940   47220   47220   47220   47280   47280   47880   49260   49260   49620   49620   49620   50460   52560   52560   52560   52560   52560   52560   52740   52740   52740
385   260   49620   49620   49620   49620   49620   49620   50460   50460   50460   50460   52560   52560   52560   52560   52560   52560   52740   52740   53820   53820   55560   55560   55560   55560   55560   56880   56880   56880
386   190   41880   41880   42420   42420   42420   42420   44940   44940   44940   44940   44940   44940   47220   47220   47280   47280   47880   49620   50460   50460   50460
387   211   44940   44940   44940   44940   44940   44940   44940   44940   47220   47220   47220   47280   47880   47880   47880   49620   49620   49620   50460   50460   50460   50460   50460   50460
388   221   47220   47280   47880   47880   49620   49620   49620   49620   49620   49620   49620   50460   52560   52560   52560   52560   52740   52740   52740   52740   52740   53820   53820   53820   53820
389   160   42420   44940   44940   44940   44940   44940   47220   47220   47220   47280   49620   49620   49620   49620   50460   50460   50460
390   55   44640   44640   49320   49320   50160   50160
391   148   41880   41880   41880   42420   44940   44940   44940   47220   47280   47880   47880   47880   49260   49620   49620   49620   49620
392   126   44940   44940   44940   47220   47880   47880   49260   49260   49620   49620   49620   49620   50460   50460
393   188   47280   47280   47280   47880   47880   47880   49620   49620   49620   49620   50460   50460   50460   52560   52560   52560   52560   52560   53820   53820   53820   53820
394   0
395   0
-1 
397   90   39720   39720   39720   42120   44640   44640   44640   44640   44640   47580
398   123   49320   49320   49320   49320   49320   49320   50160   50160   50160   50160   52260   52440   53520
399   81   44640   44640   46920   46920   48960   49320   49320   50160   50160
400   57   46920   46920   47580   48960   49320   52260
401   99   44940   44940   47220   47220   47220   47280   47880   47880   49260   49620   49620
402   38   44640   44640   49320   49320
-1 
-1 
405   42   44640   48960   50160   50160   52260
406   74   46920   49320   49320   52260   52260   52260   52260   52440
407   133   44940   44940   47220   47280   47280   47880   47880   47880   49260   49260   49620   49620   49620   49620   50460
408   452   49260   49260   49260   49260   49260   49260   49620   49620   49620   49620   49620   50460   50460   50460   52560   52560   52560   52560   52560   52560   52560   52560   52560   52560   52560   52560   52560   52560   52560   52560   52740   52740   52740   52740   52740   53820   53820   53820   53820   53820   55560   55560   55560   55560   56880   56880   56880   56880   56880   56880
409   163   44940   44940   44940   44940   44940   44940   47220   47220   47220   47280   47880   49260   49620   49620   49620   49620   50460
410   41   44640   48960   49320   49320
411   192   44940   44940   44940   47220   47220   47280   47280   49260   49260   49620   49620   49620   49620   50460   50460   50460   50460   52560   52560   52560   52560
412   88   44640   44640   44640   48960   48960   50160   52260   52260   52440
413   0
414   459   50460   50460   50460   50460   52560   52560   52560   52560   52560   52560   52560   52560   52560   52560   52560   52560   52560   52560   52560   52740   52740   52740   52740   52740   52740   52740   53820   53820   53820   53820   55560   55560   55560   55560   55560   55560   55560   55560   55560   55560   56880   56880   56880   56880   56880   56880   56880   56880   56880   56880
415   125   47220   47220   47280   47880   47880   47880   47880   49620   49620   49620   50460   52560   52560
416   314   49260   49260   49620   49620   49620   49620   50460   50460   50460   52560   52560   52560   52560   52560   52560   52560   52560   52560   52560   52740   52740   52740   52740   52740   52740   53820   53820   53820   56880   56880   56880   56880   56880   56880   56880
417   127   44940   47220   47880   47880   49260   49620   49620   52560   52560   52560   52560   52560   52560   52740   52740
418   137   44940   44940   47880   47880   47880   49260   49620   49620   49620   52560   52560   52560   52560   52560   52560   52740
419   80   46980   47580   47580   48960   49320   49320   49320   52260   52260
420   60   49320   49320   50160   52260   52260   52260   52260
421   138   44940   44940   44940   44940   47280   49260   49620   50460   50460   52560   52560   52560   52560   52560   52740   52740
422   219   53520   53520   53520   55260   55260   55260   56580   56580   56580   58320   58320   58320   58320   58680   58680   58680   58680   58980   58980   59340   59340   59580   59580   60120   60120
423   0
424   145   53520   55260   55260   55260   56580   58320   58320   58680   58680   58980   58980   58980   59340   59340   59580   59580   60120
425   139   49260   49620   49620   49620   50460   50460   50460   50460   50460   52560   52560   52740   53820   53820   55560
426   129   44640   44640   44640   44640   44640   46920   46980   47580   47580   47580   49320   49320   49320   50160   50160
427   164   52560   52560   52560   52560   52560   52560   52560   52560   52560   52740   52740   52740   53820   56880   56880   56880   56880   59640   59880
428   128   47220   47220   47280   47280   47880   47880   49620   49620   49620   50460   52560   52560   52560   52740
429   0
430   287   49260   49260   49620   49620   49620   49620   50460   50460   52560   52560   52560   52560   52560   52560   52560   52560   52560   52560   52740   52740   53820   53820   53820   55560   55560   55560   55560   55560   55560   56880   56880   56880   56880
431   34   48960   49320   52260   53520
432   178   52260   52260   52260   52440   53520   53520   53520   55260   55260   56580   56580   59340   59340   59340   59580   59580   59580   60120   60120
433   63   48960   48960   49320   52260   52260   52260   56580
434   72   48960   52260   52260   52260   52260   52440   52440   53520
435   0
436   54   46980   48960   50160   52260   52260
437   73   49320   49320   49320   49320   50160   50160   52260   52440
438   69   46920   46920   46980   46980   48960   52260   52260
439   91   46980   47580   49320   49320   52440   52440   52440   53520   53520   55260
440   98   47580   48960   49320   49320   49320   50160   50160   52260   52440   53520
441   30   49320   52260   52260
442   69   48960   50160   52260   52260   52440   52440   53520
443   181   47280   47880   47880   47880   49260   49260   49260   49260   49260   49620   49620   52560   52560   52560   52560   52560   52740   53820   55560   55560
444   60   48960   49320   49320   50160   52260   52440
445   0
446   89   48960   49320   49320   50160   50160   50160   53520   55260   55260   55260
447   51   46920   49320   49320   52260   52260
448   0
449   155   47220   47280   47280   47880   47880   47880   47880   49260   49260   49620   49620   49620   52560   52560   52740   52740   53820   55560
450   155   47220   47220   47280   47280   47280   49260   49620   49620   49620   49620   50460   52560   52560   52560   52740   52740   53820   55560
451   96   48960   48960   49320   49320   50160   50160   52260   52260   52260   52260
452   84   49320   50160   52260   52260   52260   52440   55260   56580   56580
453   0
454   238   50460   50460   50460   50460   52560   52560   52560   52560   52560   52560   52560   52560   52560   52560   52560   52740   52740   52740   53820   55560   55560   55560   55560   55560   56880   56880   56880
455   52   52260   52440   52440   53520   55260
456   59   46980   46980   46980   48960   52260   52440
457   57   46980   47580   50160   52260   52260   52260
458   53   47580   49320   52260   52440   52440   55260
459   0
460   81   49260   49620   49620   49620   49620   49620   50460   52560   53820
461   138   49260   49620   49620   49620   52560   52560   52560   52560   52560   52560   52740   53820   53820   56880   56880   56880
462   53   49320   52260   52440   53520   55260   56580
463   91   49320   49320   49320   49320   50160   52260   52440   53520   55260   55260
464   68   50160   50160   52260   52260   52440   53520   56580
465   38   49320   52260   52440   52440
466   85   52260   52260   52440   52440   53520   56580   56580   59340   59340   59340
467   127   49260   49620   49620   49620   50460   52560   52560   52560   52560   52560   52740   53820   55560   55560
468   163   49260   49260   49620   49620   49620   49620   50460   52740   52740   52740   53820   53820   53820   55560   55560   55560   55560   56880   56880
469   8
470   126   52560   52560   52560   52560   52740   52740   52740   53820   55560   56880   56880   59640   59640   59880
471   82   49320   49320   49320   50160   52260   52260   52260   52260   52260
472   42   52260   52260   55260   56580
473   191   49620   49620   49620   49620   49620   49620   50460   52560   52560   52560   52560   52560   52560   52560   52740   52740   53820   53820   55560   55560   56880   56880
474   66   50160   52260   52440   53520   53520   55260   56580
475   175   49260   49260   49620   49620   49620   49620   49620   50460   50460   50460   52560   52560   52560   52560   52560   52560   52740   55560   56880   56880
476   0
477   75   52260   52260   52260   53520   53520   55260   56580   59340
478   91   52260   52260   52260   52260   52260   52260   52260   52440   52440   59340
479   291   47880   47880   47880   47880   49260   49260   49620   49620   49620   49620   49620   49620   49620   50460   50460   50460   50460   50460   50460   50460   52560   52560   52560   52560   52560   52560   52560   52560   52740   53820   55560   55560
480   127   50460   50460   50460   50460   52560   52560   52560   52560   52560   52740   53820   53820   56880   56880
481   42   47580   50160   52260   52260
482   0
483   76   53520   53520   53520   53520   53520   55260   55260   55260   59340
484   53   52260   52260   55260   59340   59580   60120
485   224   52260   52260   52260   52260   52260   52260   52260   52260   52440   52440   53520   53520   55260   58320   58320   59340   59340   59340   59340   59580   59580   59580   60120   60120   60120
486   66   52260   52260   52260   55260   55260   55260   59580
487   37   52260   55260   55260   59340
488   0
489   108   52560   52560   52560   52560   53820   56880   56880   56880   59640   59640   59640   60420
490   22   53520   59340
491   133   52560   52560   52740   53820   53820   53820   55560   55560   56880   59640   59880   59880   59880   59880
492   87   56580   56580   56580   58320   58680   58680   58680   59340   60120
493   80   52260   52260   52260   59340   59580   59580   59580   60120   60120
494   0
495   159   52560   52560   52560   52560   52560   52740   52740   52740   53820   53820   55560   56880   59640   59640   59880   60420   60420
496   86   53520   55260   56580   58680   58680   58980   59340   59340   59580   59580
497   0
498   134   52560   52560   52560   52560   52560   52560   52560   52740   52740   53820   55560   55560   56880   59640   59640   60420
499   0
500   55   53520   56580   56580   58680   59580   59580
501   153   52560   52560   52560   52740   52740   52740   53820   53820   55560   55560   55560   56880   56880   56880   59640   59640   59640   59880
502   47   53520   56580   59580   59580   60120
503   103   52560   52560   52560   52560   52740   52740   52740   53820   55560   55560   56880   56880
504   65   55260   58980   59340   59580   59580   59580   60120
505   0
506   147   52560   52560   52560   52740   52740   52740   53820   53820   55560   56880   56880   59640   59640   59640   59880   59880
507   0
508   0
-1 
510   124   52560   52560   52560   52560   52560   52560   52740   53820   53820   55560   56880   56880   56880   58620
511   0
512   0
513   180   56880   56880   56880   58620   58620   58980   58980   58980   58980   58980   58980   58980   58980   58980   58980   59640   59880   60420   60420   60420   60420
514   0
515   20   53520   56580
516   0
517   0
518   161   53820   55560   55560   55560   56880   58620   58620   58620   58980   58980   58980   59280   59640   59880   60420   60420   60420
519   0
520   0
521   0
522   321   52560   52560   52560   52560   52560   52560   52560   52560   52560   52560   52560   52740   52740   52740   52740   52740   52740   53820   53820   53820   55560   55560   55560   55560   56880   56880   56880   59640   59640   59640   59880   59880   59880   59880   59880   60420   60420
523   0
524   0
525   0
526   0
527   0
528   0
529   0
530   0
531   0
532   0
-1 
534   0
535   0
536   0
537   0
538   0
-1 
540   0
541   0
542   0
543   0
544   0
545   0
546   0
547   0
548   0
549   0
550   0
551   0
552   0
553   0
554   0
555   0
556   0
557   0
558   0
559   0
560   0
561   0
562   0
563   0
564   0
565   0
566   0
567   0
568   0
569   0
570   0
571   0
572   0
573   0
-1 
575   0
576   0
577   0
578   0
-1 
580   0
581   0
582   0
583   0
-1 
585   0
586   0
587   0
588   0
589   0
590   0
591   0
592   0
593   0
594   0
595   0
596   0
597   0
598   0
599   0
600   0
601   0
602   0
603   0
604   0
605   0
606   0
607   0
608   0
609   0
610   0
611   0
612   0
613   0
614   0
615   0
616   0
-1 
618   0
619   0
620   0
621   0
622   0
623   0
624   0
625   0
-1 
627   0
628   0
629   0
630   0
-1 
632   0
633   0
634   0
635   0
636   0
637   0
638   0
639   0
640   0
641   0
642   0
-1 
644   0
645   0
646   0
647   0
648   0
649   0
650   0
651   0
652   0
653   0
654   0
655   0
656   0
657   0
658   0
659   0
660   0
661   0
662   0
663   0
664   0
665   0
666   0
667   0
668   0
669   0
670   0
671   0
672   0
673   0
674   0
675   0
676   0
677   0
678   0
679   0
680   0
681   0
682   0
683   0
684   0
685   0
686   0
687   0
688   0
689   0
690   0
691   0
692   0
693   0
694   0
695   0
696   0
697   0
698   0
699   0
700   0
-1 
702   0
703   0
704   0
705   0
706   0
-1 
708   0
709   0
710   0
711   0
712   0
713   0
714   0
715   0
716   0
717   0
718   0
719   0
720   0
721   0
722   0
723   0
724   0
725   0
726   0
727   0
728   0
729   0
730   0
-1 
732   0
-1 
734   0
-1 
736   0
737   0
738   0
-1 
-1 
741   0
-1 
743   0
-1 
-1 
-1 
747   0
748   0
-1 
-1 
751   0
-1 
753   0
-1 
-1 
-1 
-1 
-1 
-1 
-1 
-1 
-1 
-1 
-1 
-1 
-1 
-1 
-1 
-1 
-1 
-1 
-1 
-1 
-1 
-1 
-1 
-1 
-1 
-1 
-1 
-1 
-1 
-1 
784   0
