0   0
1   0
-1 
3   0
4   22   28860   35640
-1 
-1 
7   0
8   99   28620   28620   28620   28860   35640   35640   35640   38220   38460   38760   38760
9   0
10   0
11   0
-1 
13   134   50280   51660   52020   52020   52020   52860   54960   54960   54960   56220   56220   56220   56220   56220   57960
14   136   54960   54960   54960   54960   54960   54960   55140   55140   55140   57960   57960   57960   59280   59280   59280   59280
15   249   28320   28320   28560   28560   28560   28560   28560   35340   35340   35340   35340   35340   35340   37920   37920   37920   37920   37920   37920   37920   38160   38160   38160   38460   38460   38460   38760   38760
16   214   44280   44280   44280   44820   44820   44820   44820   44820   44820   44820   47340   47340   47340   47340   47340   47340   49620   49680   49680   49680   50280   50280   50280
17   123   47340   47340   47340   47340   47340   47340   49620   50280   50280   50280   52020   52020   52860
18   106   28320   28320   28320   28320   35340   37920   37920   38160   38460   38460   38760   38760
19   0
20   0
21   94   28320   35340   38160   38160   38460   40740   40740   40740   40740   40740
22   0
23   117   28320   28320   28320   28320   28320   35340   35340   35340   35340   35340   35340   35340   35340
24   122   28560   28560   35340   37920   38160   38160   38460   38760   40740   41280   41820   42420   42420   42420
25   136   44280   44280   44280   44820   44820   44820   47340   47340   47340   49620   49620   51660   52020   52020   52020
26   226   28320   28320   28560   28560   37920   37920   37920   37920   38160   38160   38460   38460   38460   38760   38760   38760   38760   38760   38760   40740   40740   41100   41100   41280   41280   41280
27   112   44280   44280   47340   47340   47340   47340   49680   50280   51660   52020   52020   52020
28   128   51660   51660   52860   52860   54960   54960   54960   54960   54960   54960   54960   57960   57960   59280
29   99   37920   38460   38760   40740   40740   40740   41100   41820   42180   42420   42420
30   103   44280   44280   44820   47340   47340   50280   50280   51660   51660   52020   52020   52860
31   0
32   130   51660   52020   52020   52020   52860   54960   54960   54960   54960   54960   55140   55140   56220   57960   57960
33   0
34   0
35   83   47340   49680   51660   52020   52020   52020   52860   54960   54960
36   0
37   82   28320   28320   28560   35340   37920   37920   40740   40740   41280
38   0
39   0
40   0
41   0
42   0
43   127   44280   47340   47340   47340   49620   49680   50280   51660   51660   51660   52020   52020   52020   52020
44   440   42120   42120   42120   42120   42480   42480   42480   42720   42720   42720   42720   42720   42720   42720   42720   42720   42720   44580   44580   44580   44580   44580   45120   45120   45120   45120   47640   47640   47640   47640   47640   47640   47640   47640   47640   47640   49920   49920   49920   49980   49980   49980   49980   49980   49980   49980   49980   50580   50580   50580   50580
45   112   28320   28320   28320   35340   35340   38160   38460   40740   40740   40740   40740   41100
46   170   42420   42420   42420   42420   42420   44280   44820   47340   47340   47340   49620   49620   49620   49620   49680   49680   49680   49680   50280
47   0
48   144   41040   41040   41040   41040   41400   41400   41580   41580   42120   42120   42120   42720   42720   44580   45120   45120   47640
49   0
50   0
51   0
52   0
53   115   40740   41100   41820   42180   42180   42420   42420   42420   44280   47340   47340   47340   47340
54   55   42420   44820   47340   49620   49620   49680
55   241   28620   28620   28620   28860   35640   38220   38220   38220   38220   38460   38460   38460   38460   38460   38760   38760   39060   39060   41040   41040   41040   41040   41040   41040   41040   41400   41580   41580
56   0
57   269   42720   42720   42720   42720   42720   42720   42720   42720   42720   42720   42720   42720   44580   44580   44580   45120   47640   47640   47640   47640   47640   47640   47640   49920   49920   49920   49920   49980   49980   49980
58   131   28320   28320   28560   28560   28560   28560   28560   28560   28560   37920   37920   38160   38160   38460   38460
59   227   28620   28620   28620   28620   28620   28620   28620   28620   28620   28860   28860   28860   28860   28860   28860   28860   35640   35640   35640   35640   35640   35640   35640   35640   35640   35640
60   254   49920   49920   49920   49980   49980   49980   50580   50580   50580   51960   52320   52320   52320   52320   53160   53160   55260   55260   55260   55260   55260   55260   55260   55260   55440   56520   58260   58260   58260
61   0
62   121   28320   35340   37920   37920   38160   38460   38460   38760   40740   40740   40740   41100   41100   41280
63   0
64   75   28320   28560   35340   35340   35340   37920   37920   38160
65   111   37920   40740   40740   40740   41100   41280   41820   41820   42180   42180   42420   42420
66   0
-1 
68   0
69   0
70   0
71   0
72   164   38220   38460   38760   38760   41040   41040   41040   41400   41580   42120   42120   42480   42480   42720   42720   42720   42720   44580   45120
73   0
74   129   52860   52860   52860   54960   54960   54960   54960   54960   54960   54960   54960   54960   56220   59280
75   0
76   214   41040   41040   41040   41040   41040   41040   41400   41400   42120   42120   42120   42480   42720   42720   42720   44580   45120   45120   45120   47640   47640   47640   47640   47640
77   0
78   0
79   0
80   0
81   0
82   0
83   0
84   0
85   0
86   101   28320   28560   35340   37920   38160   38160   38460   40740   41820   41820   41820   41820
87   0
88   0
89   0
90   0
91   475   44580   44580   44580   44580   44580   45120   45120   45120   45120   47640   47640   47640   47640   47640   47640   47640   47640   47640   47640   47640   47640   47640   47640   47640   49920   49920   49920   49980   49980   50580   50580   50580   50580   50580   51960   51960   51960   51960   52320   52320   52320   52320   52320   52320   52320   52320   52320   53160   53160   53160   53160   53160   53160
92   0
93   138   28320   28320   28320   28320   28320   28560   28560   28560   28560   28560   28560   35340   35340   35340   35340   35340
94   170   42720   42720   44580   44580   44580   45120   45120   45120   47640   47640   47640   47640   47640   47640   49920   49980   49980   49980   49980
95   49   35640   38760   42120   42480   42720
96   0
97   0
98   0
99   0
100   0
101   0
102   0
103   0
104   0
105   0
106   0
107   0
108   0
109   87   37920   37920   38760   41820   42420   42420   42420   42420   42420
110   0
111   108   28320   28320   28560   28560   35340   38160   38760   40740   40740   41100   41100
112   43   28320   35340   35340   37920   37920
113   0
114   0
115   0
116   213   28620   28620   28620   28620   28860   28860   28860   28860   28860   28860   28860   28860   35640   35640   35640   35640   35640   35640   35640   35640   35640   35640   35640
117   228   28320   28560   28560   35340   37920   37920   37920   37920   38160   38160   38160   38160   38760   38760   40740   40740   40740   40740   40740   40740   40740   40740   40740   41100   41100
118   0
119   344   38460   38460   38460   38760   39060   39060   39060   41040   41040   41040   41040   41400   41400   41400   41580   41580   41580   42120   42120   42120   42120   42480   42720   42720   42720   42720   42720   42720   42720   42720   42720   42720   44580   44580   44580   44580   44580   45120   45120   45120
120   0
121   0
122   456   28620   28620   28620   28620   28860   28860   28860   28860   35640   35640   35640   35640   35640   35640   35640   35640   35640   35640   38220   38220   38220   38220   38460   38460   38460   38460   38760   38760   38760   38760   38760   38760   38760   38760   39060   39060   39060   41040   41040   41040   41040   41040   41040   41040   41400   41400   41400   41400   41580   41580
123   0
124   0
125   0
126   183   28560   28560   28560   28560   35340   35340   37920   37920   38160   38160   38160   38160   38460   38760   40740   41100   41100   41100   41280   41280   41820
127   171   28620   28620   28620   28620   28620   28620   28620   28620   28620   28860   28860   28860   28860   28860   28860   35640   35640   35640   35640
128   0
129   233   28860   28860   28860   28860   35640   35640   35640   35640   38220   38460   38760   38760   39060   39060   39060   41040   41040   41040   41040   41040   41040   41400   41400   41400   42120   42480   42480   42480
130   0
131   90   28320   28320   35340   37920   37920   37920   37920   38160   38460   38760
132   309   28620   28620   28620   28620   28620   28620   28620   28860   28860   28860   28860   28860   28860   35640   35640   35640   35640   35640   38220   38220   38220   38220   38220   38460   38460   38460   38460   38460   38460   38460   38760   38760   38760   39060   39060   39060   39060
133   0
134   0
135   91   38160   38760   38760   40740   41280   42180   42420   42420   42420   42420
136   146   28320   28320   28320   28320   28320   28320   28320   35340   38160   38160   40740   40740   40740   41100   41100   41100   41100
137   0
138   0
139   0
140   170   38220   38220   39060   41040   41040   41040   42720   42720   42720   42720   42720   42720   42720   42720   44580   45120   45120   45120
141   150   44820   47340   47340   47340   47340   47340   49680   49680   50280   50280   51660   52020   52020   52020   52020   52860   52860   52860
142   133   28560   35340   35340   38160   38160   38760   38760   38760   38760   38760   40740   40740   40740   40740   40740   40740
143   0
144   0
145   0
146   0
147   0
148   0
149   0
150   0
151   0
152   95   28560   28560   28560   28560   28560   35340   35340   38160   38460   38760
153   128   35340   35340   35340   38160   40740   40740   40740   40740   41100   42180   42420   42420   42420   42420
154   63   28320   28320   28560   35340   35340   35340   35340
155   82   28320   28320   28320   28320   28560   28560   28560   28560   35340
156   57   35340   35340   37920   38760   38760   40740
157   78   44820   47340   50280   51660   51660   52020   52020   52860
158   101   28560   28560   28560   38160   38160   38460   38760   40740   40740   41100   41100
159   56   28320   28560   28560   28560   28560   35340
160   217   40740   40740   40740   40740   40740   40740   41100   41100   41100   41280   41280   42180   42180   42420   42420   42420   42420   42420   44280   44820   44820   47340   47340   47340
161   0
162   90   28320   28320   38160   38160   38460   38460   38460   38460   38760   38760
163   156   44280   44280   44280   44280   44820   47340   47340   47340   49620   51660   51660   52020   52020   52020   52020   52020   52020
164   100   42420   42420   44280   44280   44280   44280   44820   47340   47340   47340   49620
165   122   44820   44820   47340   47340   47340   49620   49620   49680   50280   51660   51660   51660   52020
166   72   28320   28320   28320   28560   28560   28560   35340
167   236   38160   38160   38460   38460   38460   38760   38760   38760   40740   40740   40740   40740   41100   41280   41280   41280   41820   41820   41820   41820   42180   42420   42420   42420   42420   44280   44280   44820
168   67   28320   28320   28320   28320   28560   35340   35340
169   0
170   159   28620   28620   28620   28620   28620   28620   28620   28620   28860   28860   28860   28860   28860   35640   35640   35640   35640
171   68   28560   28560   28560   38160   38460   38460   38760   38760
172   70   28320   28320   28320   28320   28320   28560   35340   35340
-1 
174   53   28320   28320   28560   35340   35340   35340
175   50   28320   28560   28560   37920   37920
176   31   28320   35340   35340
177   50   28320   28560   28560   28560   28560
178   0
179   0
180   63   28320   28320   28320   28320   28560   35340   35340
181   162   44580   44580   44580   45120   45120   47640   47640   47640   49920   49980   49980   49980   50580   50580   51960   51960   52320   52320   52320
182   127   28620   28620   28620   28860   28860   28860   28860   28860   35640   35640   35640   35640   35640   35640
183   50   28560   28560   37920   37920   37920
184   33   28560   37920   37920
185   97   28320   28560   35340   38160   38160   38160   38760   40740   40740   40740   41100
186   147   54960   54960   54960   54960   54960   54960   54960   54960   55140   59280   59280   59280   62040   62040   62040   62280
187   73   28320   28320   28560   35340   37920   38160   38760   38760
188   63   28320   28320   28320   28320   28320   28320   35340
189   70   28560   35340   38160   38460   38460   38760   38760
190   64   28320   28560   28560   28560   35340   37920   37920
191   85   28320   28320   28560   28560   35340   35340   37920   37920   38460
192   98   28560   35340   35340   37920   37920   38160   38160   38460   38760   38760   41100
193   412   35640   35640   35640   35640   35640   38220   38220   38220   38220   38460   38760   38760   39060   39060   41040   41040   41040   41040   41040   41040   41040   41040   41040   41400   41400   41400   41400   41400   41400   41580   41580   41580   41580   41580   42120   42120   42120   42120   42120   42120   42480   42480   42720   42720   42720   42720   42720   42720
194   43   28320   28560   28560   35340   35340
195   70   28320   28320   28560   28560   28560   35340   35340   35340
196   80   28320   28320   35340   35340   37920   38160   38460   38460   38760
197   74   28320   37920   38160   38160   38160   38460   38460   38760
198   102   28320   28560   35340   35340   37920   38460   38460   38460   38760   38760   38760
199   57   28320   28320   28560   28560   35340   35340
200   94   28320   28320   28320   37920   38160   38160   38160   38460   38760   38760
201   48   28320   28560   28560   37920   38460
202   71   28560   28560   28560   37920   38160   38160   38160
203   26   28560   28560
204   47   28320   35340   37920   38160   38160
205   36   35340   38460   40740   41100
206   125   28620   28860   28860   35640   35640   35640   35640   38220   38220   38460   38460   38460   38760   38760   39060
207   61   28320   37920   37920   38160   38760   38760
208   200   28620   28620   28620   28860   28860   35640   38220   38220   38220   38220   38460   38460   38460   38460   38460   38460   38460   38460   38460   38760   38760   39060
209   184   28620   28620   28860   35640   35640   35640   38220   38220   38460   38460   38760   38760   38760   38760   38760   38760   38760   38760   39060   39060
210   258   55260   55260   55260   55260   55260   55260   55260   55260   55440   55440   56520   56520   58260   58260   58260   58260   59580   59580   59580   62340   62580   62580   62580   62580   63120   63120   63120   63120   63120
211   65   28320   28560   28560   38160   38460   38460   38760
212   33   38160   38160   38760
213   0
214   61   41280   41820   42420   44280   44820   47340   47340
215   58   28320   28320   35340   38460   38460   38760
216   0
217   85   38460   38460   38760   38760   38760   39060   39060   39060   39060
218   57   28560   37920   38460   38760   38760   38760
219   164   28620   28860   35640   35640   35640   35640   35640   38220   38460   38460   38460   38460   38460   38760   39060   39060   39060   39060   39060
220   288   38760   39060   39060   39060   39060   41040   41040   41040   41040   41040   41040   41040   41040   41400   41580   41580   41580   42120   42480   42720   42720   42720   42720   42720   42720   44580   45120   45120   47640   47640   47640   47640   47640
221   176   28620   28620   28860   28860   35640   35640   35640   35640   35640   35640   38220   38220   38220   38220   38760   38760   38760   38760   39060
222   44   28560   28560   37920   38760   38760
223   39   38160   38760   38760   38760
224   60   28320   28320   28560   28560   28560   28560   35340
225   39   28320   28320   28560   35340
226   32   35340   38460   38460
227   87   28560   35340   38160   38460   38760   38760   38760   41280   41280   41280
228   134   28620   28620   28620   28620   28860   28860   38460   38460   38760   38760   39060   41040   41040   41040   41040
229   48   35340   35340   37920   37920   38460
230   103   28620   28620   28620   28860   38220   38460   38460   38460   38460   38760   39060
231   0
232   54   28320   28560   28560   37920   38160   38760
233   174   28620   28620   28620   28860   38220   38220   38220   38220   38220   38220   38220   38460   38460   38760   38760   38760   38760   39060   39060
234   188   28620   28620   28620   28620   28860   28860   28860   28860   35640   35640   35640   35640   38220   38220   38460   38460   38460   38460   38460   38760   38760
235   137   28860   35640   35640   35640   35640   35640   38460   38760   38760   38760   38760   39060   39060   39060   39060
236   61   28320   28320   28560   28560   35340   35340
237   37   28320   28320   35340   38160
238   161   28620   28860   35640   35640   38220   38220   38460   38460   38460   38760   39060   41040   41040   41040   41040   41040   41400
239   448   38220   38220   38220   38220   38220   38220   38220   38220   38460   38460   38460   38460   38460   38460   38760   38760   39060   39060   39060   39060   41040   41040   41040   41040   41040   41040   41040   41040   41400   41580   41580   42120   42120   42120   42120   42480   42480   42480   42480   42480   42720   42720   42720   44580   44580   44580   44580   44580   44580   45120   45120
240   17   41580
241   85   28320   28560   28560   37920   38160   38160   38460   38760   40740
242   128   42420   42420   42420   42420   42420   44280   44280   44820   44820   44820   47340   47340   49620   49680   49680
243   152   28620   28620   28860   38220   38220   38460   39060   39060   39060   39060   41040   41040   41040   41040   41040   41040   41400   41580
244   257   38220   38220   38220   38460   38760   38760   39060   39060   39060   39060   41040   41040   41040   41040   41400   41580   41580   42120   42120   42720   42720   44580   44580   44580   44580   44580   44580   44580
245   276   38460   38460   38460   38460   38760   39060   39060   39060   41040   41040   41040   41040   41400   41400   42120   42120   42120   42480   42480   42480   42720   42720   42720   42720   42720   42720   42720   42720   42720   42720   42720   45120   45120
246   35   28560   38760   40740   41100
247   191   28620   28620   28620   28620   28620   28620   28860   28860   35640   35640   35640   38220   38220   38220   38460   38460   38460   38760   39060   39060   39060   39060
248   119   35640   38220   38760   38760   39060   41040   41040   41040   41040   41040   41400   41580   41580
249   95   51660   51660   51660   52020   52020   52860   54960   54960   55140   56220   59280
250   193   35640   38760   38760   39060   39060   41040   41040   41040   41040   41400   41400   42120   42120   42120   42480   42480   42720   42720   42720   42720   42720
251   295   38220   38220   38460   38460   38460   38460   39060   39060   39060   39060   39060   41040   41040   41040   41400   41400   41400   42120   42120   42480   42480   42480   42720   42720   42720   44580   44580   44580   45120   45120   45120   45120   45120
252   147   28620   28860   28860   35640   38460   38460   38760   39060   41040   41040   41040   41040   41040   41400   41580   42480
253   126   37920   37920   37920   38460   38760   38760   40740   40740   41280   41820   42180   42420   44280   44820
254   123   28620   28620   28620   28860   28860   35640   35640   35640   35640   38760   39060   39060   39060   39060
255   230   38220   38220   38760   38760   38760   38760   39060   41040   41040   41040   41580   41580   41580   41580   41580   41580   42120   42120   42480   42480   42720   42720   42720   42720   42720   42720
256   154   35640   38220   38220   38460   38460   38460   38460   39060   41040   41040   41400   41400   41580   42480   42480   42720   42720   42720
257   201   28860   38220   38220   38220   38460   38460   38760   38760   39060   39060   39060   39060   41040   41040   41040   41040   41040   41040   41400   41580   41580   42120
258   147   28620   28860   28860   28860   38460   38460   38760   41040   41040   41040   41400   41400   42120   42120   42720   42720
259   131   28620   28860   35640   35640   38220   38460   38460   38760   38760   38760   38760   41040   41040   41580   42120
260   63   38160   41820   41820   42180   42180   42180   42420
261   0
262   111   35640   38220   38460   38760   39060   41040   41040   42480   42720   42720   42720   42720
263   135   28320   28320   28560   28560   28560   37920   38160   38160   38160   38460   38460   38460   38760   38760
264   140   38460   38760   39060   39060   41040   41040   41040   41040   41400   41400   42720   42720   42720   44580   44580
265   62   37920   40740   40740   41100   41280   42180
266   183   35640   38220   38460   38760   38760   38760   39060   39060   39060   41040   41040   41040   41040   41040   41400   41580   41580   41580   42480   42720   42720   42720
267   158   41040   41040   41040   41040   41040   41580   41580   41580   42120   42720   44580   44580   45120   45120   47640   47640   47640   47640
268   58   40740   40740   41100   41280   42420   42420
269   144   35640   35640   38220   38460   38760   38760   39060   41040   41400   41580   41580   42120   42480   42480   42720   42720
270   71   37920   38760   38760   40740   40740   41820   42420   42420
271   174   35640   38220   38460   38460   38460   38760   41040   41040   41040   41040   41040   41040   42120   42480   42480   42480   42720   42720   42720
-1 
273   37   35340   38460   40740   41820
274   36   28560   40740   40740   40740
275   226   44280   44280   44280   44820   44820   44820   44820   44820   47340   47340   47340   47340   47340   47340   47340   47340   47340   49620   49620   49620   49620   49680   49680   49680   49680   50280   50280
276   90   38220   38220   38220   38460   39060   41040   41400   42720   42720   44580
277   125   38220   38460   38760   41040   41040   41040   41580   42120   42480   42480   42480   42720   44580   44580
278   245   41040   41040   41400   41400   41400   41580   41580   41580   41580   42120   42480   42480   42720   42720   42720   42720   42720   42720   42720   44580   44580   44580   45120   47640   47640   47640   47640   47640   47640
279   169   38220   38220   38460   38760   39060   39060   41040   41040   41040   41580   42120   42480   42720   42720   42720   42720   44580   45120   45120
280   71   42180   42420   44280   44820   47340   47340   47340   50280
281   309   44580   44580   44580   44580   45120   45120   47640   47640   47640   47640   47640   47640   47640   47640   47640   49920   49920   49920   49920   49920   49980   49980   49980   49980   50580   50580   51960   51960   51960   51960   52320   52320   52320   52320   52320   52320
282   209   42120   42120   42480   42480   42480   42480   42720   42720   44580   44580   45120   45120   47640   47640   49920   49920   49920   49920   49980   49980   50580   50580   50580
-1 
284   186   44280   44280   44820   44820   44820   44820   44820   47340   47340   49620   49620   49620   49620   50280   50280   50280   51660   51660   52020   52020   52020   52020
285   179   41040   41040   41040   41040   41400   41400   41580   41580   42480   42480   42720   42720   42720   42720   42720   42720   44580   44580   44580   45120   47640
286   141   44820   44820   44820   47340   47340   47340   47340   49620   49620   49620   49680   49680   49680   50280   51660   52020
287   94   37920   37920   38160   38460   40740   40740   40740   40740   41280   44280   44820
288   129   44820   47340   47340   49680   49680   50280   51660   51660   52020   52020   52020   52020   52860   52860
289   207   51660   51660   51660   52020   52020   52020   52020   52020   52020   52020   52860   54960   54960   54960   54960   54960   54960   54960   55140   55140   55140   55140   59280   59280
290   165   44280   44280   44820   47340   49620   49620   50280   50280   51660   51660   51660   52020   52020   52020   52020   52860   52860   52860   52860
291   62   38160   38460   38460   41820   44820   44820
292   204   42720   42720   42720   42720   42720   44580   44580   44580   45120   45120   45120   47640   47640   47640   49920   49920   49920   49920   49980   49980   50580   50580   50580
293   191   38220   38220   38460   38460   38460   38760   38760   41040   41040   41040   41040   41400   41400   42480   42480   42720   42720   42720   44580   44580   45120   45120
294   175   38220   38220   38460   38460   38760   38760   38760   39060   41040   41040   41040   41400   41580   41580   41580   42480   42480   42480   42720   44580
295   25   41280   42420
296   63   38460   38760   40740   40740   41100   41100   41280
297   130   38460   38460   38760   38760   38760   39060   41040   41040   41040   41040   42720   42720   45120   45120
298   86   41820   42420   44280   44280   44820   44820   44820   47340   47340   47340
299   68   40740   40740   41100   41100   41100   42420   42420   42420
-1 
301   136   54960   54960   54960   54960   54960   54960   54960   57960   59280   62040   62040   62280   62280   62280   62820
302   123   47340   47340   47340   49620   50280   51660   51660   52020   52020   52860   52860   52860   52860   52860
303   116   38760   41040   41040   41580   42120   42720   42720   44580   44580   45120   47640   47640   47640
304   206   41040   41040   41040   41040   41040   41040   41040   41040   41400   41400   41400   41400   42120   42480   42480   42720   42720   42720   44580   45120   47640   47640   47640   47640
305   132   51660   52020   52860   52860   54960   54960   54960   54960   54960   54960   55140   56220   57960   59280
306   100   49620   49620   51660   51660   52020   52860   54960   54960   54960   55140   56220
307   121   47340   47340   49620   49680   49680   49680   50280   50280   50280   52020   52020   52020   52020
308   148   38760   41040   41400   41580   41580   41580   41580   41580   42120   42120   42480   42720   45120   45120   45120   47640
309   78   41100   41280   41280   41820   42420   42420   42420   47340
310   87   41280   41280   42180   42180   42180   42420   42420   42420   44280   44280
311   234   47340   47340   47340   47340   47340   49620   49680   49680   49680   50280   50280   50280   51660   51660   52020   52020   52020   52020   52020   52020   52020   52020   52020   52020   52860   52860
312   79   40740   40740   40740   41280   42180   42420   44820   47340   47340
313   88   40740   41100   41100   42180   42420   42420   44280   44820   47340
314   45   40740   40740   41280   41280   42180
315   114   42420   42420   42420   44280   44820   44820   47340   47340   47340   49620   49680   49680   50280
316   47   41820   42420   44280   44280   44280
317   132   41040   41040   41040   41580   42120   42480   42720   42720   44580   45120   45120   47640   47640   47640   47640
318   67   40740   41280   42180   42180   42420   44820   47340
319   189   41040   41040   41040   41400   41400   41580   42120   42120   42120   42120   42480   42480   42720   42720   44580   44580   45120   47640   47640   47640   47640   47640
320   143   42120   42720   42720   42720   42720   42720   44580   44580   45120   47640   49920   49980   50580   50580   50580   50580
321   282   42120   42120   42120   42720   42720   42720   42720   42720   42720   42720   42720   42720   44580   44580   45120   45120   45120   47640   47640   47640   47640   47640   47640   47640   47640   47640   49920   49920   49980   49980   49980   50580
322   150   41040   41040   41040   41040   41040   41400   41400   41400   42120   42480   42480   42480   42480   42720   44580   47640   47640
323   46   40740   41820   41820   44280   44280
324   100   47340   47340   49620   49680   49680   49680   50280   51660   52020   52020   52860
325   159   41040   41040   41040   41040   41400   41400   41400   41580   42120   42480   42480   42480   42720   42720   44580   44580   44580   45120   47640
326   156   41580   41580   41580   42120   42120   42120   42480   42720   44580   44580   44580   44580   44580   45120   45120   47640   47640
327   83   41100   41280   41820   42180   42180   44280   44280   47340   47340
328   141   41040   41040   41040   41040   41040   41400   42120   42120   42480   42720   42720   44580   45120   47640   47640
329   40   42180   42420   47340   49620
330   71   40740   41820   42420   42420   42420   42420   42420
331   169   41040   41040   41040   41040   41400   41400   42120   42120   42480   42480   42480   42720   42720   42720   44580   44580   45120   45120   47640   47640
332   35   42420   44280   44280   47340
333   51   40740   40740   41100   41280   47340
334   26   42480   45120   45120
335   72   41820   42420   44820   47340   47340   49620   49680
336   140   41040   41040   41040   41040   41400   41580   41580   41580   42120   42480   42720   42720   44580   45120   45120   47640
337   65   40740   40740   41100   42180   42420   47340   47340
338   76   40740   41100   41100   42180   42420   42420   47340   47340
339   139   52860   52860   54960   54960   54960   54960   54960   54960   54960   54960   55140   55140   56220   57960   59280
340   89   41100   41100   41280   42180   42420   42420   47340   47340   49620   49620
341   55   41100   41280   44820   47340   47340   49680
342   71   41280   41820   42420   44820   47340   47340   47340   49680
343   51   41820   42180   42180   42420   47340   47340
344   19   42180   44820
345   100   42180   42420   42420   42420   42420   42420   44280   44820   47340   47340   49620
346   59   44280   47340   47340   47340   51660   51660
347   52   40740   41100   41280   42420   44280   44820
348   28   40740   42180   44820
349   74   41100   41280   42180   42180   42420   47340   49620   49680
350   42   40740   40740   44280   47340
351   28   41820   44280   49680
352   62   41820   42420   47340   47340   49620   50280
353   189   44580   44580   45120   47640   47640   47640   47640   49920   49920   49980   49980   50580   50580   50580   51960   51960   52320   52320   52320   52320   52320
354   103   41820   42420   44280   44280   44820   44820   44820   44820   47340   47340   49680   50280
355   77   44280   44280   44820   44820   47340   49620   49620   49680   49680
356   84   41820   42180   42180   42420   42420   42420   49620   49680   50280
357   39   41820   42180   42180   44820
358   89   44820   47340   49620   49680   49680   50280   52020   52020   52020   52020
359   47   41100   41820   42420   42420   47340
-1 
361   85   44280   44820   44820   47340   51660   52020   52020   52020   52020
362   39   41820   44280   47340   49680
363   51   51660   54960   56220   56220   57960
364   48   41280   41280   41280   42420   44280
365   51   42180   42180   42420   44280   47340   49620
366   75   44280   44820   47340   49620   49680   51660   51660   52020
367   51   41820   42180   42420   44820   49620
-1 
369   45   41820   41820   42420   44280   49620
370   91   49620   49620   49620   51660   52020   52020   52860   54960   56220   56220
371   87   42180   42180   42420   42420   42420   44280   44280   47340   49680
372   82   44280   44280   47340   49620   49620   49620   49680   50280   50280
373   177   42120   42480   42480   42480   42480   42720   42720   42720   42720   44580   44580   45120   45120   47640   47640   47640   47640   49920   49920   49980   50580
374   197   47640   47640   47640   47640   49920   49980   49980   50580   50580   50580   51960   51960   52320   52320   52320   52320   52320   53160   53160   53160   53160   53160
375   284   55260   55260   55260   55260   55260   55260   55260   55260   55260   55440   55440   55440   58260   58260   58260   58260   58260   58260   58260   59580   59580   59580   59580   59580   62340   62340   62340   62340   62340   62340   62580   62580   62580
376   300   47640   47640   47640   47640   47640   47640   47640   49920   49980   49980   49980   49980   49980   50580   50580   51960   52320   52320   52320   52320   53160   53160   55260   55260   55260   55260   55260   55260   55440   55440   55440   55440   55440
377   97   44580   44580   45120   45120   47640   47640   49980   52320   52320   52320
378   79   44280   44820   44820   44820   49620   49680   51660   51660   51660
379   57   44280   44280   44820   47340   47340   49620
380   174   44580   45120   47640   47640   47640   47640   47640   49980   49980   49980   49980   49980   50580   50580   50580   51960   51960   51960   51960   51960
381   152   44580   44580   47640   47640   47640   47640   47640   47640   47640   47640   49920   49980   49980   50580   50580   50580   51960   51960
382   31   44820   49620   51660
383   184   45120   47640   47640   47640   47640   47640   49920   49920   49920   49920   49980   49980   49980   49980   50580   50580   51960   52320   52320   53160   53160
384   205   47640   47640   47640   47640   49920   49920   49980   51960   51960   51960   52320   52320   52320   52320   53160   53160   55260   55260   55260   55260   55260   55260   55260   55440
385   250   51960   51960   51960   51960   52320   52320   52320   52320   52320   52320   52320   52320   52320   52320   53160   55260   55260   55260   55260   55260   55260   55260   55260   55260   56520   56520   58260   58260   59580
386   183   45120   45120   45120   45120   47640   49920   49920   49920   49920   50580   50580   50580   50580   51960   51960   52320   52320   52320   52320   53160
387   232   47640   47640   47640   47640   47640   47640   47640   47640   49920   49920   49980   49980   49980   49980   49980   50580   51960   51960   52320   52320   52320   52320   52320   52320   53160   53160
388   219   49920   49920   49920   49920   49920   50580   50580   50580   50580   51960   52320   52320   52320   52320   53160   53160   53160   53160   55260   55260   55260   55260   55440   56520   56520   56520
389   184   45120   45120   45120   45120   45120   45120   47640   47640   47640   47640   47640   47640   49980   49980   50580   51960   52320   52320   53160   53160   53160
390   66   47340   50280   50280   51660   52020   52020   52020
391   178   44580   45120   47640   47640   47640   47640   49920   49920   49920   49920   49920   49980   49980   49980   50580   50580   50580   50580   52320   52320
392   150   47640   47640   47640   47640   47640   49920   49920   49980   49980   50580   51960   51960   52320   52320   52320   52320   53160
393   190   49920   49920   49920   49980   49980   49980   50580   51960   51960   52320   52320   52320   53160   55260   55260   55260   55260   55440   55440   56520
394   0
395   0
-1 
397   103   42420   44280   44280   44820   44820   44820   47340   47340   47340   49620   49680   50280
398   144   50280   50280   51660   51660   52020   52020   52020   52020   52020   54960   54960   54960   54960   54960   54960   54960   55140
399   59   47340   49680   50280   52020   52020   52860   52860
400   76   51660   51660   52020   52860   52860   54960   56220   56220
401   119   47640   47640   47640   49920   49920   49920   49980   50580   50580   51960   52320   53160   53160
402   28   49620   49680   52020
-1 
-1 
405   47   47340   47340   49680   54960   54960
406   82   50280   52020   52020   54960   54960   54960   55140   56220   56220
407   125   47640   47640   47640   49920   49920   49980   49980   50580   50580   51960   51960   52320   53160   53160
408   486   51960   51960   52320   52320   52320   52320   52320   52320   53160   53160   53160   53160   53160   53160   53160   53160   53160   55260   55260   55260   55260   55260   55260   55260   55260   55260   55260   55260   55260   55260   55260   55260   55260   55260   55260   55440   55440   55440   55440   56520   56520   56520   56520   56520   56520   58260   58260   58260   58260   58260   58260   58260   58260   58260   59580   59580
409   178   47640   47640   47640   49920   49920   49980   50580   50580   50580   51960   51960   51960   51960   52320   52320   52320   52320   52320   53160   53160
410   32   47340   50280   52020
411   204   47640   49980   49980   49980   50580   50580   51960   51960   52320   52320   52320   53160   53160   53160   53160   53160   55260   55260   55260   55260   55260   55260   55260   55440
412   72   47340   49620   49620   52020   52020   52020   52020   55140
413   0
414   449   53160   53160   53160   53160   53160   53160   55260   55260   55260   55260   55260   55260   55260   55260   55260   55260   55260   55260   55260   55260   55260   55260   55260   55440   55440   55440   55440   55440   55440   55440   56520   56520   56520   56520   56520   56520   56520   58260   58260   58260   58260   58260   58260   59580   59580   59580   59580   59580   59580
415   142   49920   49980   49980   49980   50580   51960   51960   52320   52320   52320   52320   52320   53160   55260   55260   55260   55440
416   294   51960   52320   52320   52320   52320   52320   52320   52320   52320   53160   53160   53160   53160   53160   53160   55260   55260   55260   55260   55260   55260   55260   55260   55440   55440   55440   56520   58260   58260   58260   59580   59580   59580
417   119   47640   47640   47640   47640   47640   49920   51960   52320   52320   53160   55260   55260   55260
418   147   49920   49920   49980   49980   50580   51960   51960   52320   52320   52320   52320   53160   55260   55260   55260   55440   55440
419   83   49620   51660   51660   52020   52020   52020   54960   54960   56220
420   69   51660   52020   52020   52860   54960   54960   55140
421   132   47640   47640   49920   49920   49980   50580   52320   52320   53160   53160   55260   55260   55260   55260   55260
422   231   56220   56220   57960   58320   58320   58320   58320   58320   58320   58680   58680   58680   58680   58980   58980   58980   59280   59280   59280   62040   62280   62280   62280   62820   62820
423   0
424   142   56220   57960   57960   57960   57960   57960   57960   58320   58680   58680   58980   59280   62040   62280   62820
425   145   51960   51960   52320   52320   52320   52320   52320   53160   55260   55440   55440   56520   56520   59580   59580   59580
426   133   47340   47340   49620   49680   49680   49680   49680   50280   51660   52020   52020   52020   52020   52020   52020
427   184   55260   55260   55260   55260   55260   55260   55260   55260   55260   55440   55440   55440   55440   56520   56520   56520   58260   58260   59580   62580   62580
428   130   49920   50580   50580   50580   50580   52320   52320   55260   55260   55260   55260   55260   55260   56520   56520
429   0
430   282   51960   51960   51960   51960   51960   52320   52320   53160   55260   55260   55260   55260   55260   55260   55260   55260   55260   55260   55260   55260   55440   56520   56520   56520   56520   56520   58260   58260   59580   59580   59580   59580   59580
431   48   49620   54960   54960   55140   56220
432   167   54960   54960   54960   54960   55140   55140   56220   56220   56220   57960   57960   57960   58320   58320   59280   62040   62280   62820   62820
433   61   54960   54960   54960   54960   55140   56220   59280
434   61   50280   52020   54960   55140   55140   55140   55140
435   0
436   39   49620   51660   51660   52020
437   72   50280   51660   52020   52860   52860   54960   54960
438   61   49620   49680   52860   55140   56220   57960   57960
439   94   49620   49620   50280   52020   52020   52020   52020   54960   55140   57960
440   106   50280   51660   52020   52020   52020   52020   52020   54960   54960   55140   55140   57960
441   26   50280   54960   55140
442   67   51660   52860   54960   54960   56220   57960   59280
443   179   49980   50580   51960   51960   52320   52320   52320   52320   52320   53160   53160   53160   55260   55260   55260   55260   55440   55440   55440   56520
444   65   50280   52860   52860   54960   54960   56220   57960
445   0
446   76   51660   51660   52860   54960   54960   54960   54960   55140   57960
447   50   49680   51660   52020   52020   52020
448   0
449   187   49920   49980   49980   49980   50580   50580   50580   50580   50580   52320   52320   52320   55260   55260   55260   55260   55260   55440   56520   56520   58260   58260
450   178   49920   49980   49980   49980   51960   52320   53160   53160   53160   55260   55260   55260   55260   55260   56520   56520   58260   58260   58260
451   98   52020   52020   54960   54960   54960   54960   54960   54960   57960   59280
452   94   51660   52020   52020   52020   54960   55140   55140   55140   56220   57960   59280
453   0
454   252   53160   53160   55260   55260   55260   55260   55260   55260   55260   55260   55440   55440   55440   55440   55440   56520   56520   58260   58260   58260   58260   58260   58260   58260   59580   59580   59580
455   61   51660   52020   52860   54960   54960   55140
456   75   47340   47340   47340   51660   51660   52860   54960   55140
457   54   49680   52020   52860   54960   57960
458   62   52020   52020   54960   54960   55140   57960   57960
459   0
460   79   51960   51960   52320   55260   55260   55260   55260   55440   56520
461   142   51960   51960   52320   52320   52320   52320   53160   55260   55260   56520   56520   56520   58260   58260   58260   58260
462   70   51660   52020   52860   54960   55140   55140   56220   57960
463   95   51660   52020   52860   52860   52860   54960   55140   55140   56220   56220   59280
464   65   52860   54960   54960   54960   56220   56220   59280
465   46   51660   52860   52860   52860   57960
466   81   54960   54960   54960   54960   54960   55140   55140   57960   57960
467   122   51960   52320   52320   53160   53160   55260   55260   55260   55260   55260   55260   55260   58260   58260
468   181   51960   51960   51960   52320   52320   52320   53160   55260   55260   55260   55440   56520   58260   58260   58260   59580   59580   59580   59580   59580
469   6
470   121   55260   55260   55260   55260   55260   55260   55440   56520   58260   62580   62580   63120   63120
471   82   52020   52020   54960   54960   56220   56220   56220   56220   57960
472   51   54960   55140   56220   56220   62040
473   197   52320   52320   52320   52320   52320   52320   52320   53160   53160   55260   55260   55260   55260   55440   55440   55440   55440   56520   56520   56520   58260   59580   59580
474   71   52860   54960   54960   54960   55140   56220   56220   57960
475   144   52320   55260   55260   55260   55260   55260   55260   55260   55440   56520   56520   56520   56520   56520   58260   58260   59580
476   0
477   67   54960   54960   57960   57960   59280   62040   62280   62280
478   87   54960   54960   54960   55140   56220   57960   57960   57960   59280
479   277   50580   51960   51960   51960   51960   52320   52320   52320   52320   52320   52320   52320   52320   52320   52320   53160   53160   53160   55260   55260   55260   55260   55260   55260   55260   55440   55440   55440   56520   56520   58260   58260   58260
480   129   53160   55260   55260   55260   55260   55260   55440   55440   55440   56520   56520   56520   58260   59580
481   47   52860   54960   55140   56220   57960
482   0
483   73   54960   54960   54960   56220   56220   62280   62820   62820
484   54   54960   54960   56220   57960   59280   59280
485   208   54960   54960   54960   54960   54960   54960   54960   54960   55140   55140   56220   56220   57960   57960   57960   57960   59280   59280   62040   62280   62820   62820   62820
486   74   54960   54960   54960   54960   55140   57960   59280   62280
487   33   54960   54960   62280
488   0
489   132   55260   55260   55260   55260   55260   58260   59580   59580   62340   62580   62580   62580   63120   63120
490   18   54960   59280
491   119   55260   55260   55260   55260   55440   56520   62340   62340   62340   62340   62580   62580   63120
492   91   58680   58680   58680   58680   59280   59280   62040   62040   62040   62820
493   69   54960   54960   54960   55140   56220   56220   62280   62820
494   0
495   188   55260   55260   55260   55260   55260   55260   55260   55260   55440   55440   56520   56520   59580   59580   59580   62340   62340   62580   63120   63120   63120
496   79   56220   58680   58680   59280   62040   62040   62280   62280
497   0
498   126   55260   55260   55440   56520   56520   58260   58260   58260   58260   58260   58260   59580   62340
499   0
500   69   56220   57960   58320   58320   58680   58680   58680   62280
501   130   55260   55260   55260   55260   55260   55260   55260   55260   56520   56520   56520   58260   59580   63120   63120
502   48   56220   57960   58680   62040   62280
503   124   53160   53160   53160   55260   55260   55260   55260   55260   55440   56520   56520   56520   58260   59580
504   70   57960   58680   59280   62280   62280   62280   62820
505   0
506   124   55260   55260   55260   55440   56520   56520   56520   58260   58260   58260   58620   59580   59580   63120
507   0
508   0
-1 
510   144   55260   55260   55260   55440   55440   55440   55440   55440   56520   56520   56520   56520   58620   62580   63120
511   0
512   0
513   161   56520   56520   56520   58260   58260   58620   58620   58980   58980   59580   59580   62340   62340   62580   62580   62580   62580
514   0
515   19   58320   62280
516   0
517   0
518   143   56520   56520   58620   58620   58980   58980   59280   59280   59280   59580   62340   62340   62340   62580   62580   62580
519   0
520   0
521   0
522   310   55260   55260   55260   55260   55260   55260   55260   55260   55260   55260   55260   55260   55260   55260   55260   55260   55440   55440   58260   59580   59580   59580   59580   59580   59580   59580   62340   62580   62580   63120   63120   63120   63120   63120
523   0
524   0
525   0
526   0
527   0
528   0
529   0
530   0
531   0
532   0
-1 
534   0
535   0
536   0
537   0
538   0
-1 
540   0
541   0
542   0
543   0
544   0
545   0
546   0
547   0
548   0
549   0
550   0
551   0
552   0
553   0
554   0
555   0
556   0
557   0
558   0
559   0
560   0
561   0
562   0
563   0
564   0
565   0
566   0
567   0
568   0
569   0
570   0
571   0
572   0
573   0
-1 
575   0
576   0
577   0
578   0
-1 
580   0
581   0
582   0
583   0
-1 
585   0
586   0
587   0
588   0
589   0
590   0
591   0
592   0
593   0
594   0
595   0
596   0
597   0
598   0
599   0
600   0
601   0
602   0
603   0
604   0
605   0
606   0
607   0
608   0
609   0
610   0
611   0
612   0
613   0
614   0
615   0
616   0
-1 
618   0
619   0
620   0
621   0
622   0
623   0
624   0
625   0
-1 
627   0
628   0
629   0
630   0
-1 
632   0
633   0
634   0
635   0
636   0
637   0
638   0
639   0
640   0
641   0
642   0
-1 
644   0
645   0
646   0
647   0
648   0
649   0
650   0
651   0
652   0
653   0
654   0
655   0
656   0
657   0
658   0
659   0
660   0
661   0
662   0
663   0
664   0
665   0
666   0
667   0
668   0
669   0
670   0
671   0
672   0
673   0
674   0
675   0
676   0
677   0
678   0
679   0
680   0
681   0
682   0
683   0
684   0
685   0
686   0
687   0
688   0
689   0
690   0
691   0
692   0
693   0
694   0
695   0
696   0
697   0
698   0
699   0
700   0
-1 
702   0
703   0
704   0
705   0
706   0
-1 
708   0
709   0
710   0
711   0
712   0
713   0
714   0
715   0
716   0
717   0
718   0
719   0
720   0
721   0
722   0
723   0
724   0
725   0
726   0
727   0
728   0
729   0
730   0
-1 
732   0
-1 
734   0
-1 
736   0
737   0
738   0
-1 
-1 
741   0
-1 
743   0
-1 
-1 
-1 
747   0
748   0
-1 
-1 
751   0
-1 
753   0
-1 
-1 
-1 
-1 
-1 
-1 
-1 
-1 
-1 
-1 
-1 
-1 
-1 
-1 
-1 
-1 
-1 
-1 
-1 
-1 
-1 
-1 
-1 
-1 
-1 
-1 
-1 
-1 
-1 
-1 
784   0
